Noise Robustness Summary (AWGN on Test Set)
========================================================================================================================
Model                                clean       snr_9       snr_6       snr_3       snr_0  drop_snr_9  drop_snr_6  drop_snr_3  drop_snr_0
------------------------------------------------------------------------------------------------------------------------
cnn                                 1.0000      0.9943      0.9544      0.7218      0.4139      0.5701      4.5610     27.8221     58.6089
rnn_lstm                            0.9966      0.9943      0.9920      0.9863      0.9430      0.2288      0.4577      1.0297      5.3776
cnn_bilstm                          0.9943      0.9783      0.9339      0.7560      0.4481      1.6055      6.0780     23.9679     54.9312
cnn_bilstm_att                      0.9966      0.9704      0.9259      0.7925      0.5507      2.6316      7.0938     20.4805     44.7368
transformer                         0.9647      0.9202      0.8358      0.6659      0.4242      4.6099     13.3570     30.9693     56.0284
cnn_transformer                     1.0000      0.9590      0.7298      0.4219      0.3147      4.1049     27.0239     57.8107     68.5291
cnn_transformer_noiseaug            0.9989      1.0000      0.9977      0.9840      0.8769     -0.1142      0.1142      1.4840     12.2146
